$ANSIBLE_VAULT;1.1;AES256
33316536353433326165356330643731383061316662633534643534373861633063333930653763
3732313535643335663230343464623233346130616461310a303965343565623963373166373963
64376439613632653263343661343861333364373265646637643537626262666461626461643734
3733333664613632350a343235386635616364656430623232366363626234353733343433366432
34636264646265616162303532393266613963393961313461313566646563353238386531396333
35643733643361663232363862373331366363303630623665643033323437306661323834383061
63643062613934653666353038383938323630393037633132303732306533663061653934336164
62333261303264346431323064636434643936333535613936623930366239633365313039666434
37323733383861643135363632636637333330353232333835633533386137323130336666333966
64386435373234653730633536633938303538336234326233326534393936303132653535323033
31336163366339313766383639353631663461653362613537336335366130343637613861363663
64316330663261306337333263393835653135386239383735383763333331646261643837353565
31656538366334656566376639306631386663366232333438613234376362306331333934303436
38313638313039613836356237353565343837393662303263346365633437636635393332613039
62353664393038356138396534656438376562613561373536356533313662386466323034643365
64663731336638613266336535333833376664616338666266663861353938643737643634356237
33313130313961316239323661323030376464353933373833363832346132393164636338356266
34656565373162366164663066323636653031636234613066323964623735653833613331346363
65353539316233373338303863663138396535386231636463656238383937356562663636623130
37613566333765323362636262633765363436636364333638363833396463333131663963646361
63343535663164333762613162303431306331393333613935313066643765643462373238363737
62656234363037343236666564323763623961343738393464613632386534323562306231653539
63643439373639653930366334306562663531333465666536636233333234666539366137656536
30346163616665633236386663343230393532383065363938346238623765303466383162623232
38656231396538313066303430376637633733373833323763303533383335623233386132306332
38646432623635356139393135623739353734353365393339343339366361353066343836616165
34373034333338306163616534663761343131393234663935393536376437383363316530393937
30373234353833376432626634303864636535623366383962663938353239333139303835333239
66663330313936306564396636306638336233366330326438623663373665626633313139303562
61633465393231393337393132656439316466633761616434663539373961396461306564343662
35343361663234623235643930363162393534636337343361656633636161633132666636343161
30303634623931393863636337333434626636326463346232656335343032393864386138663538
62366564356436303736353138613838386336333837633637323637323031303430663862653837
38623439633363333266333861633238366430633433306435663866646635656332323339363165
37313530663232383839336662333463643665323764306132306233346438623539613762386363
31343437313966613733663362343838393264656362633834356466386162383036393436343266
65633463396230393439643030363461653962393130323235643434653263383663636530383731
62373438333566313336336163383664353939383837653838333431363131373538346465623966
65656133613063656265383661633831373638616133383366393638376433613161626138636465
63636230363034643235656337356161333634343738343330643963633161343032393066373863
63623761383035646236386430386466346262363335383433323731653639343836386363373661
30383230626130663864353832663238326264636638346232346235313335643561333931306334
39643665333435356232346565323066333430323435316534643563613935333565393534316165
36336637326234346130313838623366653735643430343635336636633164643331376535346161
35343462336233386137363137336565396561333866633831623230326331393065376434316566
65353461353465626633653639643163636430646236346532376532363764386566653766303936
37313233363363356137633939316333623231643736623561353239366231356134663537646637
35373438326264356232306131353263623361646665646366616330316430626664643736356330
64326537343839343233636265373266653135363962643230323830623662626130346139623666
39616433343634633839366639343738363638306262336132303665353732373263363734626330
33663666643736643162656265643434633231333963393136313564366362313031373535343039
34326466333338313465336231633230363937353564613366633332616566633666623637326562
34366537353230373132336464346361653638353562353461623361643663346232336162313436
33633537393236326133653231626136633661373561333064653966623134636235363137376661
65386133303234346261363964623833353834376564363465373531626463323634313137613232
64313733363838396236383665333662313633333432316361366239646434353334636337383935
33366362393161626539356338373162396633373063306438303463363936313364383335336464
31373133656135323833633162356339373762623164633266663237323437303465623665656130
35396166623235626162376261323233326163653032303666666138353164376234646261366335
62613964333863613834663038393164323639326532336330356337643339636330643833396532
34363036366664323035363133323135393533616437373262303431616465353765383330663138
37386430396563363739383637306435306162653834316234663933346433393333646633623065
63326133633237313934343334323335653836346132346566623338393936343064653334303236
38646166653962353138646530316638383339653266656630643162643238346234613963333234
31613835363063393166386566386434646537653431613162363262313966373364626637646335
38636430636134303262393665343734663066616136383331393138633731313364373338303064
37303431653038623864373637366637623965653964613662316230663832373864663066313965
39633662353834303161636363326431343232303939343465386665363133626639336561316333
32303237366563613137643332616237303537623965623133303130626663653863343364623635
30363838383365663665373332643931373631326537366231383265353965346231333266623166
61643738306239643661393164613834626234393531666266663662313237306330656636336266
34343062316537613837633833346663643634633739656561376665326438326534393536343237
34363837323131633331346334383734386439376435643731633831633031616565626532633230
30623737383864666532383665333837303635356461346561626265356566653539333839343232
64383437376164623737366563633762383836396262353134343462613931363863643161393861
35343334643538343764376131303766653133616465643537313237613239363835623862393565
32646166353961396239656134623332393030363864613838333136616532363462316436626536
34623239316166626261333437343263663138313433313266633464626536653036346138633134
36363366356363313035653861653033366137643763613132303737313264663964313762633734
62643961303665326162353738613964396231653135613364666437306165616238353635616562
34333834363364616130653034316663366261373639323261626563613033343365313039653163
35623537383661396564353535343765616362396335353639646434306639346265613061613337
38323933323830363633653436303063393461643833383231326561653436376262343439613335
65383561663531303163356462376534353239386332613638343630636363663064363564646233
63363166633737626130636365386332626564363430306166316438323236663763643730613039
65613164306338613463356532326633306537303966663761363032393232626538363537656431
30393364393933363663333335306532666635386437336666613264323731363736363564346234
34646131306435343162623364316365616631623030653736326537633564653031393866306363
32643934386533666436323637613039383734636531313733376233653165333161356436643164
35643536623634313262633039373231333265626234336130333763633962643837363861626536
32366431616531376264353934613433376661326238663361653138636564393835326134623038
37373930653738333261653762663633353066396339666430366435353762623736303061383763
64616263366362303334333934366433633830383563376339323435393264383564636233306633
30376438383161666361393232396662653565646165376162656234343031393965623635376663
62653735356662643339383734666663366262316432336563393662336461663933373663336361
63376230393033333832346166376137343436613761303130343964313837316332623030346433
35303430366431353632366133663537306666366666613661303262663333386461356535313961
30636334336334623731316161326137643830363563303537343131333137366262306133383162
31333733353030343938393232393765373135303062346236666363636338643439366362343834
30386433336263366137326664613733396238643432633235666630656632363530343631663164
38656566303639356138373433623837373064666437393333376233393763326236306134633364
64646439623235373832303561633439346462383137613239316364373839393231353031376336
30323631666462323739376366663339326430323165646439393763366365376436396437326664
63616266643765633764383861386236623232613036393239383061663430656666633366653863
33386233643366346330653631616362336632633066636232643635613664616363636532336437
38666264633730386265393435663566333531383362313335393832663930326232643339386463
65303334616233386639653231386565653164656333636263336263363762383435383461663032
38373661393666393930383138396236343166356662353037336438646165326333333337336162
64383036313637313234313766623964613063326164383664633264646161383964613163633136
62386130623264303238356231656538376165323937636632353838353731613235313866623663
63326230393433333939623061343166666539393361356237396636393936376561306137316530
62366361323936613336383435376365613036306363373734333535666462363235613663356530
32393933646635323562316132393836356238623866643937633131633264656334663663353731
66653033373066636135386466343063383938616633616237613131626530623130633134396532
36656538343763393534383435323061613538656635653135633864363863643634333931323666
36383133336566386135383165626262636562666132336335383035373765626337366664346235
64386331323865643037646539353966636335613665383735643364646261653335366236356239
63666437623465343162333239666330313233633437646262353064633334363831393832653561
61613032333761363331383730343965613463643132366361623934323039613765323065303030
32353632376639316636313432313261613337373862636666646463373465633938396562353837
62663932663633633063616664626536356537373130646366653262633233663964353131636634
31303031633165353465663565356138343332633630643934656638663966616566333932323830
34303464303666653832653132366436353438326632383736656331643065626539633963653839
39613030376335373333303430326335613765663839333963316534363564376534656261306361
37326633653864646235393363363830333731373839346635323631343634626437633362626365
35373165613561396333613066333436386438646161326330636564313238633062333666303633
37653635393961333232323536343138363639643834306434393863313632623966666463653234
61653537653361666334383262333734646435333862326463393764333161623331656435373636
30323265366335656635383330343565346235656337323434663132643339663837613736383235
63666439373731313235666465626362323764383239353931353033653236383036383861306436
63373236393835333465396337613463623365646364313438623430363333383436336464313939
38356133653237313839653365343136333037343631376136663064366361366138346534623262
34386465383161303235373361623032623431323665346634353461643131656133313262353334
3036646561366165376665333034653063363238626535326566
